[DAMSWordHighlight5.jpg]
filters=Lomo=1,50.000000,0.000000;Soften=1,50.000000,50.000000;dir_tint=1,0.500000,0.500000,0.250000,0.250000,fffffdc8,0;
moddate=0ebd2842c606d301
width=1885
height=867
textactive=0
